Month,Peak,Gain,% Gain,Average,Avg % Gain
Last 30 days,66,-2,-2.9%,22,+4.8%
April 2025,68,-2,-2.9%,21,-19.2%
March 2025,70,+1,+1.4%,26,+0.0%
February 2025,69,-4,-5.5%,26,-3.7%
January 2025,73,0,+0.0%,27,-12.9%
December 2024,73,+6,+9.0%,31,+19.2%
November 2024,67,-70,-51.1%,26,-35.0%
October 2024,137,+76,+124.6%,40,+81.8%
September 2024,61,-6,-9.0%,22,-4.3%
August 2024,67,-10,-13.0%,23,-25.8%
July 2024,77,+17,+28.3%,31,+34.8%
June 2024,60,-17,-22.1%,23,-8.0%
May 2024,77,-3,-3.8%,25,-16.7%
April 2024,80,-13,-14.0%,30,-16.7%
March 2024,93,-14,-13.1%,36,-7.7%
February 2024,107,+31,+40.8%,39,+34.5%
January 2024,76,-15,-16.5%,29,-3.3%
December 2023,91,+24,+35.8%,30,+15.4%
November 2023,67,+6,+9.8%,26,+13.0%
October 2023,61,-19,-23.8%,23,-11.5%
September 2023,80,+13,+19.4%,26,-3.7%
August 2023,67,-8,-10.7%,27,-6.9%
July 2023,75,-21,-21.9%,29,-3.3%
June 2023,96,+28,+41.2%,30,+36.4%
May 2023,68,-5,-6.8%,22,-8.3%
April 2023,73,+4,+5.8%,24,-4.0%
March 2023,69,-2,-2.8%,25,-3.8%
February 2023,71,+1,+1.4%,26,-3.7%
January 2023,70,-5,-6.7%,27,+0.0%
December 2022,75,+16,+27.1%,27,+35.0%
November 2022,59,+2,+3.5%,20,+11.1%
October 2022,57,+5,+9.6%,18,-
September 2022,52,-1,-1.9%,-,-
August 2022,53,-8,-13.1%,-,-
July 2022,61,+5,+8.9%,-,-
June 2022,56,-15,-21.1%,-,-
May 2022,71,-1,-1.4%,-,-
April 2022,72,-7,-8.9%,-,-
March 2022,79,+2,+2.6%,-,-
February 2022,77,-23,-23.0%,-,-
January 2022,100,+10,+11.1%,-,-
December 2021,90,-46,-33.8%,-,-
November 2021,136,-39,-22.3%,-,-
October 2021,175,+116,+196.6%,-,-
September 2021,59,-26,-30.6%,-,-
August 2021,85,+6,+7.6%,-,-
July 2021,79,-3,-3.7%,-,-
June 2021,82,0,+0.0%,-,-
May 2021,82,-1,-1.2%,-,-
April 2021,83,-38,-31.4%,-,-
March 2021,121,+21,+21.0%,-,-
February 2021,100,-6,-5.7%,-,-
January 2021,106,+5,+5.0%,-,-
December 2020,101,-21,-17.2%,-,-
November 2020,122,+48,+64.9%,-,-
October 2020,74,+15,+25.4%,-,-
September 2020,59,-24,-28.9%,-,-
August 2020,83,-7,-7.8%,-,-
July 2020,90,+6,+7.1%,-,-
June 2020,84,-44,-34.4%,-,-
May 2020,128,-13,-9.2%,-,-
April 2020,141,-65,-31.6%,-,-
March 2020,206,+109,+112.4%,-,-
February 2020,97,+27,+38.6%,-,-
January 2020,70,+1,+1.4%,-,-
December 2019,69,-14,-16.9%,-,-
November 2019,83,+28,+50.9%,-,-
October 2019,55,-72,-56.7%,-,-
September 2019,127,+61,+92.4%,-,-
August 2019,66,-4,-5.7%,-,-
July 2019,70,+2,+2.9%,-,-
June 2019,68,+23,+51.1%,-,-
May 2019,45,-7,-13.5%,-,-
April 2019,52,-28,-35.0%,-,-
March 2019,80,+2,+2.6%,-,-
February 2019,78,-18,-18.8%,-,-
January 2019,96,+8,+9.1%,-,-
December 2018,88,+19,+27.5%,-,-
November 2018,69,-14,-16.9%,-,-
October 2018,83,+12,+16.9%,-,-
September 2018,71,-18,-20.2%,-,-
August 2018,89,+14,+18.7%,-,-
July 2018,75,-82,-52.2%,-,-
June 2018,157,+97,+161.7%,-,-
May 2018,60,-66,-52.4%,-,-
April 2018,126,-25,-16.6%,-,-
March 2018,151,+72,+91.1%,-,-
February 2018,79,-15,-16.0%,-,-
January 2018,94,-10,-9.6%,-,-
December 2017,104,0,+0.0%,-,-
November 2017,104,+33,+46.5%,-,-
October 2017,71,-12,-14.5%,-,-
September 2017,83,+46,+124.3%,-,-
August 2017,37,-34,-47.9%,-,-
July 2017,71,-18,-20.2%,-,-
June 2017,89,+51,+134.2%,-,-
May 2017,38,0,+0.0%,-,-
April 2017,38,-19,-33.3%,-,-
March 2017,57,-42,-42.4%,-,-
February 2017,99,+42,+73.7%,-,-
January 2017,57,-14,-19.7%,-,-
December 2016,71,-39,-35.5%,-,-
November 2016,110,+62,+129.2%,-,-
October 2016,48,+10,+26.3%,-,-
September 2016,38,-4,-9.5%,-,-
August 2016,42,-31,-42.5%,-,-
July 2016,73,+20,+37.7%,-,-
June 2016,53,+16,+43.2%,-,-
May 2016,37,-12,-24.5%,-,-
April 2016,49,-46,-48.4%,-,-
March 2016,95,-4,-4.0%,-,-
February 2016,99,-28,-22.0%,-,-
January 2016,127,+32,+33.7%,-,-
December 2015,95,+6,+6.7%,-,-
November 2015,89,-83,-48.3%,-,-
October 2015,172,-10,-5.5%,-,-
September 2015,182,+130,+250.0%,-,-
August 2015,52,+3,+6.1%,-,-
July 2015,49,-43,-46.7%,-,-
June 2015,92,+58,+170.6%,-,-
May 2015,34,-2,-5.6%,-,-
April 2015,36,0,+0.0%,-,-
March 2015,36,-26,-41.9%,-,-
February 2015,62,-109,-63.7%,-,-
January 2015,171,+100,+140.8%,-,-
December 2014,71,-4,-5.3%,-,-
November 2014,75,+32,+74.4%,-,-
October 2014,43,-57,-57.0%,-,-
September 2014,100,+67,+203.0%,-,-
August 2014,33,-10,-23.3%,-,-
July 2014,43,-32,-42.7%,-,-
June 2014,75,+27,+56.3%,-,-
May 2014,48,+21,+77.8%,-,-
April 2014,27,-25,-48.1%,-,-
March 2014,52,-29,-35.8%,-,-
February 2014,81,+41,+102.5%,-,-
January 2014,40,-57,-58.8%,-,-
December 2013,97,+4,+4.3%,-,-
November 2013,93,+63,+210.0%,-,-
October 2013,30,-2,-6.3%,-,-
September 2013,32,-90,-73.8%,-,-
August 2013,122,+76,+165.2%,-,-
July 2013,46,-41,-47.1%,-,-
June 2013,87,+55,+171.9%,-,-
May 2013,32,-24,-42.9%,-,-
April 2013,56,+23,+69.7%,-,-
March 2013,33,-20,-37.7%,-,-
February 2013,53,-12,-18.5%,-,-
January 2013,65,-88,-57.5%,-,-
December 2012,153,+102,+200.0%,-,-
November 2012,51,-236,-82.2%,-,-
October 2012,287,+271,"+1,693.8%",-,-
September 2012,16,+1,+6.7%,-,-
August 2012,15,-6,-28.6%,-,-
July 2012,21,-23,-52.3%,-,-
June 2012,44,+41,"+1,366.7%",-,-
May 2009,3,-1,-25.0%,-,-
April 2009,4,-1,-20.0%,-,-
March 2009,5,0,+0.0%,-,-
February 2009,5,+1,+25.0%,-,-
January 2009,4,-5,-55.6%,-,-
December 2008,9,+5,+125.0%,-,-
November 2008,4,-5,-55.6%,-,-
October 2008,9,+2,+28.6%,-,-
September 2008,7,-,-,-,-
