Month,Peak,Gain,% Gain,Average,Avg % Gain
Last 30 days,16,-2,-11.1%,4,-42.9%
April 2025,18,-1,-5.3%,7,+0.0%
March 2025,19,-3,-13.6%,7,+16.7%
February 2025,22,0,+0.0%,6,+0.0%
January 2025,22,+3,+15.8%,6,+0.0%
December 2024,19,-5,-20.8%,6,+0.0%
November 2024,24,+4,+20.0%,6,+20.0%
October 2024,20,+1,+5.3%,5,+0.0%
September 2024,19,-3,-13.6%,5,-16.7%
August 2024,22,0,+0.0%,6,-14.3%
July 2024,22,0,+0.0%,7,-12.5%
June 2024,22,+1,+4.8%,8,+14.3%
May 2024,21,-6,-22.2%,7,-12.5%
April 2024,27,-9,-25.0%,8,-27.3%
March 2024,36,-16,-30.8%,11,-35.3%
February 2024,52,-3,-5.5%,17,-5.6%
January 2024,55,+11,+25.0%,18,+12.5%
December 2023,44,-2,-4.3%,16,-11.1%
November 2023,46,-14,-23.3%,18,-14.3%
October 2023,60,+4,+7.1%,21,-4.5%
September 2023,56,+1,+1.8%,22,+4.8%
August 2023,55,+2,+3.8%,21,-4.5%
July 2023,53,+10,+23.3%,22,+37.5%
June 2023,43,-8,-15.7%,16,-11.1%
May 2023,51,-8,-13.6%,18,-14.3%
April 2023,59,+7,+13.5%,21,+5.0%
March 2023,52,-10,-16.1%,20,-9.1%
February 2023,62,-2,-3.1%,22,-8.3%
January 2023,64,+3,+4.9%,24,+14.3%
December 2022,61,+8,+15.1%,21,+5.0%
November 2022,53,0,+0.0%,20,+11.1%
October 2022,53,+8,+17.8%,18,-
September 2022,45,-6,-11.8%,-,-
August 2022,51,+7,+15.9%,-,-
July 2022,44,-1,-2.2%,-,-
June 2022,45,-11,-19.6%,-,-
May 2022,56,-5,-8.2%,-,-
April 2022,61,0,+0.0%,-,-
March 2022,61,-16,-20.8%,-,-
February 2022,77,+2,+2.7%,-,-
January 2022,75,+3,+4.2%,-,-
December 2021,72,+1,+1.4%,-,-
November 2021,71,+5,+7.6%,-,-
October 2021,66,+20,+43.5%,-,-
September 2021,46,-12,-20.7%,-,-
August 2021,58,+7,+13.7%,-,-
July 2021,51,-3,-5.6%,-,-
June 2021,54,-20,-27.0%,-,-
May 2021,74,0,+0.0%,-,-
April 2021,74,-5,-6.3%,-,-
March 2021,79,+4,+5.3%,-,-
February 2021,75,-7,-8.5%,-,-
January 2021,82,+14,+20.6%,-,-
December 2020,68,-6,-8.1%,-,-
November 2020,74,+19,+34.5%,-,-
October 2020,55,-1,-1.8%,-,-
September 2020,56,-5,-8.2%,-,-
August 2020,61,0,+0.0%,-,-
July 2020,61,-6,-9.0%,-,-
June 2020,67,-19,-22.1%,-,-
May 2020,86,-13,-13.1%,-,-
April 2020,99,-13,-11.6%,-,-
March 2020,112,+49,+77.8%,-,-
February 2020,63,+11,+21.2%,-,-
January 2020,52,+1,+2.0%,-,-
December 2019,51,+7,+15.9%,-,-
November 2019,44,+2,+4.8%,-,-
October 2019,42,-2,-4.5%,-,-
September 2019,44,-3,-6.4%,-,-
August 2019,47,-1,-2.1%,-,-
July 2019,48,+13,+37.1%,-,-
June 2019,35,-4,-10.3%,-,-
May 2019,39,+4,+11.4%,-,-
April 2019,35,-14,-28.6%,-,-
March 2019,49,-1,-2.0%,-,-
February 2019,50,-2,-3.8%,-,-
January 2019,52,+1,+2.0%,-,-
December 2018,51,+3,+6.3%,-,-
November 2018,48,0,+0.0%,-,-
October 2018,48,-3,-5.9%,-,-
September 2018,51,+7,+15.9%,-,-
August 2018,44,+3,+7.3%,-,-
July 2018,41,-11,-21.2%,-,-
June 2018,52,+10,+23.8%,-,-
May 2018,42,-11,-20.8%,-,-
April 2018,53,-6,-10.2%,-,-
March 2018,59,+9,+18.0%,-,-
February 2018,50,+4,+8.7%,-,-
January 2018,46,+1,+2.2%,-,-
December 2017,45,+7,+18.4%,-,-
November 2017,38,-1,-2.6%,-,-
October 2017,39,-5,-11.4%,-,-
September 2017,44,+10,+29.4%,-,-
August 2017,34,-7,-17.1%,-,-
July 2017,41,+5,+13.9%,-,-
June 2017,36,+8,+28.6%,-,-
May 2017,28,-4,-12.5%,-,-
April 2017,32,-9,-22.0%,-,-
March 2017,41,+4,+10.8%,-,-
February 2017,37,+3,+8.8%,-,-
January 2017,34,-10,-22.7%,-,-
December 2016,44,+1,+2.3%,-,-
November 2016,43,0,+0.0%,-,-
October 2016,43,+15,+53.6%,-,-
September 2016,28,-5,-15.2%,-,-
August 2016,33,-7,-17.5%,-,-
July 2016,40,+5,+14.3%,-,-
June 2016,35,-6,-14.6%,-,-
May 2016,41,+3,+7.9%,-,-
April 2016,38,+4,+11.8%,-,-
March 2016,34,-23,-40.4%,-,-
February 2016,57,-1,-1.7%,-,-
January 2016,58,+1,+1.8%,-,-
December 2015,57,+9,+18.8%,-,-
November 2015,48,+3,+6.7%,-,-
October 2015,45,-6,-11.8%,-,-
September 2015,51,+17,+50.0%,-,-
August 2015,34,-1,-2.9%,-,-
July 2015,35,-8,-18.6%,-,-
June 2015,43,+11,+34.4%,-,-
May 2015,32,+9,+39.1%,-,-
April 2015,23,-3,-11.5%,-,-
March 2015,26,-13,-33.3%,-,-
February 2015,39,-12,-23.5%,-,-
January 2015,51,+14,+37.8%,-,-
December 2014,37,+6,+19.4%,-,-
November 2014,31,+4,+14.8%,-,-
October 2014,27,-7,-20.6%,-,-
September 2014,34,+14,+70.0%,-,-
August 2014,20,-1,-4.8%,-,-
July 2014,21,-3,-12.5%,-,-
June 2014,24,-2,-7.7%,-,-
May 2014,26,+6,+30.0%,-,-
April 2014,20,-8,-28.6%,-,-
March 2014,28,-7,-20.0%,-,-
February 2014,35,-3,-7.9%,-,-
January 2014,38,-3,-7.3%,-,-
December 2013,41,+4,+10.8%,-,-
November 2013,37,+19,+105.6%,-,-
October 2013,18,-5,-21.7%,-,-
September 2013,23,-12,-34.3%,-,-
August 2013,35,+9,+34.6%,-,-
July 2013,26,-9,-25.7%,-,-
June 2013,35,+18,+105.9%,-,-
May 2013,17,-1,-5.6%,-,-
April 2013,18,-1,-5.3%,-,-
March 2013,19,-5,-20.8%,-,-
February 2013,24,-7,-22.6%,-,-
January 2013,31,-20,-39.2%,-,-
December 2012,51,+24,+88.9%,-,-
November 2012,27,+24,+800.0%,-,-
October 2012,3,-,-,-,-
